0 16 16 16 16 0 0
0 16 16 6 6 5 5
0 16 16 10 10 3 3
0 16 16 8 16 4 0
0 16 16 4 16 6 0
0 16 16 16 16 0 0
0 16 16 14 15 1 0
1 16 16 16 16 0 0
1 16 16 16 16 0 0
1 16 16 16 16 0 0
1 16 16 16 16 0 0
1 16 16 16 16 0 0
0 16 16 12 15 2 1
0 16 16 16 7 0 9
0 16 16 16 16 0 0
0 16 16 12 16 2 0
0 16 16 12 6 2 9
0 16 16 12 10 2 5
0 16 16 14 9 1 6
0 16 16 10 16 3 0
0 16 16 6 6 5 5
0 16 16 8 8 4 4
0 16 16 10 10 3 3
0 16 16 4 16 6 0
0 16 16 15 16 1 0
0 16 16 16 2 0 0
0 16 16 15 16 0 0
1 16 16 16 16 0 0
1 16 16 16 16 0 0
1 16 16 16 16 0 0
1 16 16 16 16 0 0
1 16 16 16 16 0 0
0 16 16 10 16 3 0
0 16 16 10 15 3 1
0 16 16 8 16 4 0
0 16 16 9 16 3 0
0 16 16 10 7 3 8
0 16 16 12 6 2 9
0 16 16 12 9 2 6
0 16 16 8 12 5 0
0 16 16 8 6 4 5
0 16 16 12 10 2 3
0 16 16 14 12 1 2
0 16 16 8 13 4 0
1 16 16 16 6 0 0
1 16 16 16 5 0 0
1 16 16 16 6 0 0
1 16 16 14 14 1 1
1 16 16 14 14 1 1
1 16 16 14 14 1 1
1 16 16 14 14 1 1
1 16 16 16 16 0 0
1 16 16 16 16 0 0
0 16 16 16 16 0 0
0 16 16 13 13 1 3
0 16 16 9 16 4 0
2 16 16 14 15 1 1
2 16 16 14 15 1 1
2 16 16 14 15 1 1
2 16 16 14 15 1 1
0 16 16 16 16 0 0
0 16 16 16 16 0 0
0 16 16 16 16 0 0
0 16 16 16 16 0 0
0 16 16 16 16 0 0
0 16 16 16 16 0 0
0 16 16 16 16 0 0
0 16 16 16 16 0 0
0 16 16 16 16 0 0
0 16 16 16 16 0 0
0 16 16 16 16 0 0
0 16 16 16 16 0 0
0 16 16 16 16 0 0
0 16 16 16 16 0 0
0 16 16 16 16 0 0
0 16 16 16 16 0 0
0 16 16 16 16 0 0
0 16 16 16 16 0 0
0 16 16 16 16 0 0
0 16 16 16 16 0 0
0 16 16 16 16 0 0
0 16 16 16 16 0 0
0 16 16 16 16 0 0
0 16 16 16 16 0 0
0 16 16 16 16 0 0
0 16 16 16 16 0 0
0 16 16 16 16 0 0
0 16 16 16 16 0 0
0 16 16 16 16 0 0
0 16 16 16 16 0 0
0 16 16 16 16 0 0
0 16 16 16 16 0 0
0 16 16 16 16 0 0
0 16 16 16 16 0 0
0 16 16 16 16 0 0
0 16 16 16 16 0 0
0 16 16 16 16 0 0
0 16 16 16 16 0 0
0 16 16 16 16 0 0
0 16 16 16 16 0 0
0 16 16 16 16 0 0
0 16 16 16 16 0 0
0 16 16 16 16 0 0
0 16 16 16 16 0 0
0 16 16 16 16 0 0
0 16 16 16 16 0 0
0 16 16 16 16 0 0
0 16 16 16 16 0 0
0 16 16 16 16 0 0
0 16 16 16 16 0 0
0 16 16 16 16 0 0
0 16 16 16 16 0 0
0 16 16 16 16 0 0
0 16 16 16 16 0 0
0 16 16 16 16 0 0
0 16 16 16 16 0 0
0 16 16 16 16 0 0
0 16 16 16 16 0 0
0 16 16 16 16 0 0
0 16 16 16 16 0 0
0 16 16 16 16 0 0
0 16 16 16 16 0 0
3 16 16 16 7 0 9
0 16 16 16 16 0 0
0 16 16 16 16 0 0
0 16 16 16 16 0 0
0 16 16 16 16 0 0
0 16 16 16 16 0 0
0 16 16 16 16 0 0
0 16 16 16 16 0 0
0 16 16 16 16 0 0
0 16 16 16 16 0 0
0 16 16 16 16 0 0
0 16 16 16 16 0 0
0 16 16 16 16 0 0
0 16 16 16 16 0 0
0 16 16 16 16 0 0
0 16 16 16 16 0 0
0 16 16 16 16 0 0
0 16 16 16 16 0 0
0 16 16 16 16 0 0
0 16 16 16 16 0 0
0 16 16 16 16 0 0
0 16 16 16 16 0 0
0 16 16 16 16 0 0
0 16 16 16 16 0 0
0 16 16 16 16 0 0
0 16 16 16 16 0 0
0 16 16 16 16 0 0
0 16 16 16 16 0 0
0 16 16 16 16 0 0
0 16 16 16 16 0 0
0 16 16 16 16 0 0
0 16 16 16 16 0 0
0 16 16 16 16 0 0
0 16 16 16 16 0 0
0 16 16 16 16 0 0
0 16 16 16 16 0 0
0 16 16 16 16 0 0
0 16 16 16 16 0 0
0 16 16 16 16 0 0
0 16 16 16 16 0 0
0 16 16 16 16 0 0
0 16 16 16 16 0 0
0 16 16 16 16 0 0
0 16 16 16 16 0 0
0 16 16 16 16 0 0
0 16 16 16 16 0 0
0 16 16 16 16 0 0
0 16 16 16 16 0 0
0 16 16 16 16 0 0
0 16 16 16 16 0 0
0 16 16 16 16 0 0
0 16 16 16 16 0 0
0 16 16 16 16 0 0
0 16 16 16 16 0 0
0 16 16 16 16 0 0
0 16 16 16 16 0 0
0 16 16 16 16 0 0
0 16 16 16 16 0 0
0 16 16 16 16 0 0
0 16 16 16 16 0 0
0 16 16 16 16 0 0
3 16 16 16 9 0 7
0 16 16 16 16 0 0
0 16 16 16 16 0 0
0 16 16 16 16 0 0
0 16 16 16 16 0 0
0 16 16 16 16 0 0
0 16 16 16 16 0 0
0 16 16 16 16 0 0
0 16 16 16 16 0 0
0 16 16 16 16 0 0
0 16 16 16 16 0 0
0 16 16 16 16 0 0
0 16 16 16 16 0 0
0 16 16 16 16 0 0
0 16 16 16 16 0 0
0 16 16 16 16 0 0
0 16 16 16 16 0 0
0 16 16 16 16 0 0
0 16 16 16 16 0 0
0 16 16 16 16 0 0
0 16 16 16 16 0 0
0 16 16 16 16 0 0
0 16 16 16 16 0 0
0 16 16 16 16 0 0
0 16 16 16 16 0 0
0 16 16 16 16 0 0
0 16 16 16 16 0 0
0 16 16 16 16 0 0
0 16 16 16 16 0 0
0 16 16 16 16 0 0
0 16 16 16 16 0 0
0 16 16 16 16 0 0
0 16 16 16 16 0 0
0 16 16 16 16 0 0
0 16 16 16 16 0 0
0 16 16 16 16 0 0
0 16 16 16 16 0 0
0 16 16 16 16 0 0
0 16 16 16 16 0 0
0 16 16 16 16 0 0
0 16 16 16 16 0 0
0 16 16 16 16 0 0
0 16 16 16 16 0 0
0 16 16 16 16 0 0
0 16 16 16 16 0 0
0 16 16 16 16 0 0
0 16 16 16 16 0 0
0 16 16 16 16 0 0
0 16 16 16 16 0 0
0 16 16 16 16 0 0
0 16 16 16 16 0 0
0 16 16 16 16 0 0
0 16 16 16 16 0 0
0 16 16 16 16 0 0
0 16 16 16 16 0 0
0 16 16 16 16 0 0
0 16 16 16 16 0 0
0 16 16 16 16 0 0
0 16 16 16 16 0 0
0 16 16 16 16 0 0
0 16 16 16 16 0 0
0 16 16 16 16 0 0
0 16 16 16 16 0 0
0 16 16 16 16 0 0
0 16 16 16 16 0 0
0 16 16 16 16 0 0
0 16 16 16 16 0 0
0 16 16 16 16 0 0
0 16 16 16 16 0 0
0 16 16 16 16 0 0
0 16 16 16 16 0 0
0 16 16 16 16 0 0
0 16 16 16 16 0 0
0 16 16 16 16 0 0
0 16 16 16 16 0 0
0 16 16 16 16 0 0
0 16 16 16 16 0 0
0 16 16 16 16 0 0
0 16 16 16 16 0 0
0 16 16 16 16 0 0
0 16 16 16 16 0 0
0 16 16 16 16 0 0
0 16 16 16 16 0 0
0 16 16 16 16 0 0
0 16 16 16 16 0 0
0 16 16 16 16 0 0
0 16 16 16 16 0 0
0 16 16 16 16 0 0
0 16 16 16 16 0 0
0 16 16 16 16 0 0
0 16 16 16 16 0 0
0 16 16 16 16 0 0
0 16 16 16 16 0 0
0 16 16 16 16 0 0
0 16 16 16 16 0 0
0 16 16 16 16 0 0
0 16 16 16 16 0 0
0 16 16 16 16 0 0
0 16 16 16 16 0 0
0 16 16 16 16 0 0
0 16 16 16 16 0 0
0 16 16 16 16 0 0
0 16 16 16 16 0 0
0 16 16 16 16 0 0
0 16 16 16 16 0 0
0 16 16 16 16 0 0
0 16 16 16 16 0 0
0 16 16 16 16 0 0
0 16 16 16 16 0 0
0 16 16 16 16 0 0
0 16 16 16 16 0 0
0 16 16 16 16 0 0
0 16 16 16 16 0 0
0 16 16 16 16 0 0
0 16 16 16 16 0 0
0 16 16 16 16 0 0
0 16 16 16 16 0 0
0 16 16 16 16 0 0
0 16 16 16 16 0 0
0 16 16 16 16 0 0
0 16 16 16 16 0 0
0 16 16 16 16 0 0
0 16 16 16 16 0 0
0 16 16 16 16 0 0
0 16 16 16 16 0 0
0 16 16 16 16 0 0
0 16 16 16 16 0 0
0 16 16 16 16 0 0
0 16 16 16 16 0 0
0 16 16 16 16 0 0
0 16 16 16 16 0 0
0 16 16 16 16 0 0
0 16 16 16 16 0 0
0 16 16 16 16 0 0
0 16 16 16 16 0 0
0 16 16 16 16 0 0
0 16 16 16 16 0 0
0 16 16 16 16 0 0
0 16 16 16 16 0 0
0 16 16 16 16 0 0
0 16 16 16 16 0 0
0 16 16 16 16 0 0
0 16 16 16 16 0 0
0 16 16 16 16 0 0
0 16 16 16 16 0 0
0 16 16 16 16 0 0
0 16 16 16 16 0 0
0 16 16 16 16 0 0
0 16 16 16 16 0 0
0 16 16 16 16 0 0
0 16 16 16 16 0 0
0 16 16 16 16 0 0
0 16 16 16 16 0 0
0 16 16 16 16 0 0
0 16 16 16 16 0 0
0 16 16 16 16 0 0
0 16 16 16 16 0 0
0 16 16 16 16 0 0
0 16 16 16 16 0 0
0 16 16 16 16 0 0
0 16 16 16 16 0 0
0 16 16 16 16 0 0
0 16 16 16 16 0 0
0 16 16 16 16 0 0
0 16 16 16 16 0 0
0 16 16 16 16 0 0
0 16 16 16 16 0 0
0 16 16 16 16 0 0
0 16 16 16 16 0 0
0 16 16 16 16 0 0
0 16 16 16 16 0 0
0 16 16 16 16 0 0
0 16 16 16 16 0 0
0 16 16 16 16 0 0
0 16 16 16 16 0 0
0 16 16 16 16 0 0
0 16 16 16 16 0 0
4 16 16 12 12 2 4
4 16 16 12 13 2 3
4 16 16 12 13 2 3
4 16 16 12 13 2 3
4 16 16 12 11 2 5
4 16 16 12 8 2 8
4 16 16 12 12 2 4
0 16 16 16 16 0 0
0 16 16 16 16 0 0
0 16 16 16 16 0 0
0 16 16 16 16 0 0
0 16 16 16 16 0 0
0 16 16 16 16 0 0
0 16 16 16 16 0 0
0 16 16 16 16 0 0
0 16 16 16 16 0 0
0 16 16 16 16 0 0
0 16 16 16 16 0 0
0 16 16 16 16 0 0
0 16 16 16 16 0 0
0 16 16 16 16 0 0
0 16 16 16 16 0 0
0 16 16 16 16 0 0
0 16 16 16 16 0 0
0 16 16 16 16 0 0
0 16 16 16 16 0 0
0 16 16 16 16 0 0
0 16 16 16 16 0 0
0 16 16 16 16 0 0
0 16 16 16 16 0 0
0 16 16 16 16 0 0
0 16 16 16 16 0 0
0 16 16 16 16 0 0
0 16 16 16 16 0 0
0 16 16 16 16 0 0
0 16 16 16 16 0 0
0 16 16 16 16 0 0
0 16 16 16 16 0 0
0 16 16 16 16 0 0
0 16 16 16 16 0 0